0
0
0
0
0
0
0
0
0
0
0
0
0
0
5.50474e-05
6.19014e-05
6.64749e-05
7.16469e-05
7.53394e-05
0.000148075
0.000286451
6.90905e-05
0.00010386
0.000144017
0.000104396
0.00016966
0.000295851
0.000633925
0.00201433
0.00150729
0.00161147
0.00175691
0.00209711
0.00388471
0.00688332
0.00324759
0.00297471
0.0038044
0.00338876
0.00487454
0.00883261
0.0172506
0.000582723
0.000659118
0.000599194
0.000635829
0.000663002
0.00098005
0.00243051
0.00107103
0.00131454
0.00139767
0.00136932
0.00149337
0.00231068
0.00584734
0.000409084
0.000386609
0.000393907
0.000411544
0.00046424
0.000989819
0.00156756
0.000884202
0.00125258
0.00151189
0.00178423
0.00216909
0.00431603
0.00759612
8.5748e-05
7.74102e-05
8.59327e-05
9.20327e-05
0.000123663
0.000229977
0.000450403
0.000796348
0.0011141
0.00154925
0.00154527
0.00205734
0.00335491
0.00766731
8.4837e-05
8.0116e-05
0.000113415
0.000102732
0.00011609
0.000233642
0.000397448
0.000662174
0.00136575
0.00135284
0.00167559
0.00225503
0.00357864
0.00669072
8.39397e-05
8.81766e-05
8.73991e-05
9.26307e-05
0.000117807
0.000209763
0.000373402
0.000612264
0.00124704
0.00163704
0.00192273
0.00221431
0.00355395
0.00529844
