0.000352781
0.000354014
0.000370712
0.000383154
0.000466806
0.000869701
0.00161736
0.000602603
0.000524988
0.000625041
0.000535968
0.000810035
0.00118691
0.00320435
1.90757e-05
2.22348e-05
2.39273e-05
2.64531e-05
2.89181e-05
5.80982e-05
0.000117723
2.10518e-05
2.79267e-05
3.60171e-05
2.49308e-05
4.0787e-05
7.31511e-05
0.000166726
0.000419888
0.000298385
0.000327396
0.000398729
0.000430791
0.000863786
0.00162302
0.000634083
0.000504683
0.000648504
0.000613847
0.000591824
0.00137978
0.00256239
0.000176779
0.000193038
0.000176607
0.000181106
0.000208539
0.000335761
0.000785094
0.000282493
0.000329686
0.000294469
0.000303526
0.000308434
0.000555771
0.00122161
0.000134337
0.000134329
0.000133703
0.000150149
0.00016928
0.000368313
0.000640065
0.000243302
0.000288833
0.000278285
0.000370797
0.000417879
0.000938257
0.00157278
2.9782e-05
2.77082e-05
3.09876e-05
3.35526e-05
4.6308e-05
9.14366e-05
0.000184991
0.000219606
0.000279813
0.000350014
0.000311762
0.000382175
0.000818748
0.00164341
2.94005e-05
2.83948e-05
4.0982e-05
3.76778e-05
4.37891e-05
9.15984e-05
0.000164579
0.000181879
0.000303852
0.000271377
0.00036734
0.000409381
0.000695324
0.00138975
2.90661e-05
3.15186e-05
3.14163e-05
3.44004e-05
4.45576e-05
8.15754e-05
0.000154488
0.00017566
0.000288838
0.000384398
0.000414976
0.000404432
0.000788123
0.00132364
