0.00184222
0.00169411
0.00203882
0.00153206
0.0022465
0.00331313
0.0083047
0.0557821
0.0368416
0.0443548
0.0289221
0.0431542
0.0890935
0.273434
0.00225008
0.00158141
0.00196767
0.00183849
0.00179747
0.00435032
0.00700402
0.0040576
0.00431378
0.00411558
0.00412086
0.00408192
0.00696914
0.0148905
0.0114084
0.0170313
0.0154294
0.0192584
0.021743
0.0465838
0.0813
0.44073
0.514953
0.479191
0.41997
0.423309
0.800834
1.46363
0.435087
0.56248
0.674679
0.486396
0.492786
0.873679
1.50696
0.417292
0.594467
0.517096
0.360038
0.402931
0.643945
1.3894
