0.000352781
0.000370712
0.000674199
0.00172431
0.000602603
0.000625042
0.000960981
0.00349708
1.90757e-05
2.39273e-05
3.95416e-05
0.00013723
2.10518e-05
3.60171e-05
4.99254e-05
0.00018258
0.000419888
0.000327396
0.000570814
0.00178027
0.000634083
0.000648505
0.000885007
0.00319422
0.000176779
0.000176606
0.000281828
0.000823821
0.000282493
0.000294469
0.000440581
0.00135877
0.000134337
0.000133702
0.000209603
0.000709082
0.000243302
0.000278285
0.00060261
0.00184337
2.9782e-05
3.09876e-05
5.28099e-05
0.000218835
0.000219606
0.000350014
0.00051301
0.00182843
2.94005e-05
4.0982e-05
5.46562e-05
0.000194699
0.000181879
0.000271377
0.000603995
0.00157383
2.90661e-05
3.14163e-05
5.09653e-05
0.000206417
0.00017566
0.000384398
0.00058687
0.00153294
